0
1
2
3
4
5
6
10
11
13
15
17
18
19
21
22
23
26
30
31
33
34
35
38
39
42
45
46
47
48
50
51
52
53
54
55
56
57
58
62
64
65
67
69
71
72
73
74
76
80
81
84
85
86
89
90
91
93
95
96
97
99
101
102
104
105
107
109
111
112
114
116
118
119
121
122
123
124
125
127
130
131
134
135
136
137
138
139
143
145
147
148
151
153
154
155
156
157
160
161
162
166
167
168
170
172
173
175
176
177
179
180
181
184
185
187
189
190
192
193
195
197
199
200
201
202
204
207
209
211
212
213
214
215
216
217
218
219
222
223
224
225
226
227
228
230
231
232
233
234
236
238
240
241
245
246
247
248
250
251
252
253
254
256
259
261
263
264
265
266
267
268
269
270
271
273
274
276
279
280
284
285
286
287
291
293
294
296
298
299
301
303
304
305
307
309
311
312
315
316
317
318
320
322
323
324
328
331
332
333
337
338
339
340
344
345
346
347
349
351
352
355
358
359
360
361
362
364
367
369
370
371
372
374
376
378
379
381
382
384
385
386
388
389
390
392
395
397
400
401
404
405
406
407
408
410
412
413
414
415
416
417
419
420
422
423
424
426
428
429
430
433
434
435
436
437
438
441
443
444
445
446
447
448
449
452
453
454
455
457
459
461
463
465
467
469
470
471
473
474
476
478
480
481
485
486
487
488
489
491
493
494
495
496
497
498
499
501
502
504
505
506
509
510
511
512
515
516
520
523
526
528
532
535
538
540
541
542
543
544
546
548
549
550
554
555
557
558
559
560
561
562
563
566
568
569
571
573
574
576
577
578
580
581
583
584
585
586
588
589
590
591
592
594
595
598
600
603
604
605
606
607
608
610
612
613
615
617
620
622
623
624
625
627
628
630
634
635
636
637
639
640
641
643
645
649
650
651
653
656
658
659
660
661
663
664
666
667
668
669
670
671
673
674
675
678
681
684
685
690
691
693
695
698
699
700
701
702
703
704
705
708
709
710
712
713
715
716
717
719
721
722
723
724
725
730
733
734
736
737
738
739
740
742
744
747
748
749
750
751
752
754
757
759
760
761
762
764
765
767
768
769
770
771
773
776
779
780
781
783
786
788
791
792
793
794
795
797
798
801
802
803
805
806
807
810
811
812
813
814
816
818
821
822
825
829
830
832
833
834
835
837
840
841
842
843
844
845
847
851
854
855
856
857
858
860
862
864
865
866
869
870
871
872
873
874
876
877
880
881
882
883
884
885
886
887
888
889
890
891
892
893
894
896
900
901
902
903
904
905
906
908
912
913
914
915
916
917
920
921
922
923
924
926
929
932
933
934
936
937
939
942
943
944
945
947
948
949
954
955
956
957
958
961
962
963
966
969
971
972
975
976
978
979
980
981
982
984
985
986
987
988
991
992
993
996
997
1000
1003
1005
1006
1008
1009
1010
1013
1015
1016
1017
1018
1019
1020
1021
1022
1024
1026
1028
1029
1030
1031
1032
1037
1038
1039
1040
1041
1042
1043
1044
1045
1048
1049
1050
1052
1053
1054
1056
1058
1060
1061
1062
1064
1065
1066
1067
1068
1069
1070
1071
1072
1073
1075
1076
1077
1079
1081
1083
1084
1085
1086
1087
1089
1090
1091
1094
1095
1096
1097
1101
1102
1103
1104
1109
1110
1112
1113
1116
1118
1119
1120
1122
1123
1124
1125
1129
1131
1133
1136
1137
1138
1140
1141
1142
1143
1145
1146
1149
1150
1151
1152
1154
1155
1158
1160
1161
1162
1164
1167
1168
1170
1172
1174
1175
1177
1180
1183
1184
1185
1186
1188
1189
1192
1194
1196
1197
1198
1200
1201
1202
1203
1204
1206
1207
1209
1211
1212
1213
1214
1216
1217
1219
1220
1221
1222
1225
1226
1227
1228
1229
1232
1234
1237
1239
1241
1242
1245
1247
1249
1250
1251
1252
1254
1255
1256
1257
1258
1260
1262
1265
1266
1268
1269
1271
1273
1275
1276
1278
1280
1281
1282
1283
1285
1288
1290
1293
1294
1295
1296
1298
1300
1301
1303
1305
1306
1307
1309
1311
1312
1314
1315
1316
1317
1318
1321
1327
1328
1329
1330
1331
1332
1333
1334
1337
1340
1341
1342
1346
1348
1349
1350
1352
1353
1354
1355
1358
1359
1360
1365
1366
1367
1369
1371
1373
1376
1379
1380
1381
1382
1386
1387
1388
1389
1390
1391
1392
1393
1394
1395
1396
1397
1399
1401
1403
1404
1406
1407
1410
1411
1413
1414
1415
1418
1420
1422
1423
1425
1426
1427
1428
1429
1430
1432
1434
1436
1437
1438
1439
1441
1446
1447
1448
1451
1452
1453
1455
1456
1457
1460
1461
1464
1465
1467
1469
1472
1474
1475
1477
1478
1480
1481
1482
1483
1484
1490
1491
1492
1493
1494
1495
1497
1498
1499
1500
1502
1503
1505
1506
1507
1510
1512
1514
1517
1518
1520
1523
1525
1527
1530
1534
1536
1538
1539
1540
1543
1546
1549
1550
1551
1552
1553
1555
1556
1557
1558
1559
1560
1562
1563
1565
1567
1568
1569
1570
1571
1573
1576
1577
1579
1580
1581
1583
1584
1585
1589
1590
1593
1594
1595
1596
1597
1599
1601
1602
1603
1604
1606
1608
1609
1612
1613
1614
1617
1619
1620
1621
1622
1624
1625
1626
1628
1630
1632
1633
1635
1638
1640
1641
1643
1644
1646
1648
1651
1652
1653
1654
1657
1660
1661
1662
1663
1664
1665
1666
1668
1669
1672
1673
1675
1676
1678
1679
1680
1681
1683
1684
1685
1686
1687
1688
1690
1691
1692
1693
1696
1698
1701
1702
1704
1705
1706
1708
1711
1713
1715
1716
1717
1720
1721
1722
1724
1725
1726
1728
1731
1733
1734
1736
1737
1738
1741
1743
1744
1745
1747
1748
1749
1750
1751
1752
1754
1755
1756
1758
1760
1762
1763
1764
1768
1770
1771
1772
1773
1777
1778
1781
1782
1784
1788
1789
1790
1791
1794
1795
1796
1798
1799
1800
1802
1803
1804
1807
1808
1809
1811
1812
1814
1815
1816
1817
1819
1820
1821
1822
1823
1824
1825
1828
1831
1832
1834
1837
1840
1841
1842
1843
1844
1846
1847
1848
1849
1850
1852
1855
1856
1859
1861
1863
1864
1866
1869
1871
1873
1874
1876
1878
1880
1881
1882
1884
1887
1890
1893
1894
1895
1896
1897
1898
1900
1901
1902
1903
1904
1905
1907
1910
1911
1913
1914
1915
1919
1921
1923
1926
1928
1929
1932
1933
1934
1936
1937
1938
1939
1941
1944
1945
1946
1947
1949
1951
1953
1954
1955
1956
1959
1960
1961
1962
1963
1965
1967
1968
1970
1971
1972
1974
1975
1977
1980
1981
1983
1985
1987
1990
1991
1992
1993
1995
1996
1998
1999
2000
2001
2002
2004
2005
2006
2007
2008
2010
2012
2013
2014
2015
2017
2018
2019
2020
2021
2022
2024
2026
2028
2029
2030
2031
2032
2033
2034
2035
2037
2039
2040
2041
2042
2043
2044
2045
2046
2050
2051
2053
2054
2056
2057
2058
2061
2064
2065
2066
2070
2071
2073
2074
2076
2078
2080
2081
2083
2087
2089
2091
2094
2095
2097
2098
2100
2101
2103
2104
2105
2106
2107
2109
2110
2111
2112
2115
2118
2120
2121
2123
2124
2125
2126
2128
2130
2131
2132
2133
2136
2137
2139
2140
2141
2143
2144
2145
2146
2148
2149
2151
2153
2154
2156
2159
2160
2162
2163
2165
2166
2167
2168
2169
2170
2171
2172
2174
2175
2178
2179
2180
2181
2183
2184
2185
2190
2191
2195
2199
2200
2202
2204
2206
2207
2209
2212
2214
2215
2216
2217
2219
2221
2222
2223
2224
2227
2228
2229
2231
2232
2233
2234
2235
2238
2241
2242
2243
2244
2245
2246
2248
2249
2250
2253
2256
2258
2259
2261
2262
2263
2264
2265
2266
2267
2268
2269
2270
2271
2273
2274
2275
2277
2278
2279
2280
2283
2285
2287
2288
2289
2290
2291
2294
2295
2298
2299
2301
2302
2303
2306
2309
2310
2311
2312
2315
2316
2318
2322
2324
2325
2326
2328
2329
2330
2332
2335
2336
2338
2339
2340
2341
2342
2343
2344
2345
2347
2348
2349
2350
2354
2355
2356
2358
2360
2361
2362
2363
2364
2366
2367
2368
2369
2371
2372
2373
2375
2378
2379
2380
2381
2382
2383
2384
2389
2393
2394
2395
2396
2397
2399
2400
2401
2405
2406
2407
2408
2410
2412
2413
2416
2417
2418
2419
2420
2421
2422
2423
2424
2426
2430
2431
2432
2433
2434
2436
2437
2438
2440
2443
2444
2445
2446
2447
2449
2450
2451
2452
2453
2454
2455
2456
2457
2458
2459
2461
2462
2463
2464
2465
2467
2471
2472
2474
2475
2476
2477
2478
2480
2481
2482
2483
2485
2486
2488
2490
2491
2492
2497
2498
2500
2501
2506
2508
2509
2510
2511
2514
2515
2516
2518
2519
2520
2522
2524
2525
2526
2527
2529
2531
2532
2533
2536
2537
2538
2539
2541
2545
2546
2547
2550
2551
2552
2553
2555
2558
2559
2561
2562
2564
2566
2568
2569
2570
2572
2575
2576
2577
2578
2579
2580
2581
2585
2586
2587
2591
2592
2594
2597
2599
2601
2602
2603
2605
2607
2609
2611
2615
2618
2619
2620
2621
2623
2629
2630
2631
2632
2633
2634
2635
2636
2637
2638
2640
2641
2642
2645
2646
2648
2650
2652
2654
2656
2657
2658
2659
2660
2661
2663
2664
2665
2666
2667
2669
2671
2675
2676
2678
2679
2680
2681
2682
2683
2684
2685
2687
2689
2691
2692
2693
2694
2696
2697
2698
2699
2700
2701
2702
2705
2707
2708
2709
2711
2712
2714
2716
2717
2718
2721
2723
2724
2726
2728
2729
2731
2732
2734
2737
2741
2742
2744
2745
2750
2752
2753
2755
2757
2761
2762
2766
2768
2769
2771
2772
2775
2777
2778
2779
2780
2781
2782
2783
2784
2786
2787
2789
2790
2791
2792
2793
2794
2795
2796
2798
2799
2800
2802
2804
2806
2808
2811
2813
2816
2820
2822
2823
2825
2826
2827
2828
2829
2833
2834
2835
2836
2837
2841
2842
2843
2844
2845
2846
2848
2850
2851
2852
2855
2856
2857
2858
2859
2860
2861
2863
2864
2865
2867
2869
2870
2871
2872
2873
2876
2877
2879
2880
2881
2884
2885
2886
2887
2889
2890
2893
2899
2901
2903
2904
2907
2910
2911
2912
2914
2920
2922
2923
2924
2927
2928
2929
2930
2932
2933
2934
2936
2937
2938
2939
2940
2941
2944
2948
2949
2951
2955
2956
2958
2962
2965
2966
2967
2969
2970
2971
2975
2977
2980
2982
2983
2984
2985
2986
2987
2988
2989
2990
2991
2992
2993
2994
2995
2996
2998
3000
3001
3002
3004
3005
3006
3007
3008
3010
3011
3012
3013
3015
3016
3018
3019
3021
3022
3023
3024
3027
3029
3031
3032
3036
3038
3040
3041
3042
3044
3045
3046
3047
3048
3049
3051
3053
3054
3055
3056
3059
3061
3062
3063
3065
3066
3067
3069
3071
3073
3075
3076
3077
3079
3080
3081
3082
3083
3085
3086
3087
3089
3090
3092
3093
3095
3097
3098
3099
3100
3101
3102
3105
3107
3108
3109
3110
3114
3115
3120
3125
3127
3128
3131
3132
3133
3135
3136
3137
3139
3140
3141
3142
3143
3146
3148
3149
3150
3152
3153
3154
3156
3158
3160
3161
3162
3165
3166
3167
3169
3170
3171
3172
3173
3174
3175
3176
3179
3182
3184
3185
3186
3187
3190
3191
3192
3193
3194
3195
3196
3198
3199
3200
3201
3202
3203
3205
3207
3208
3209
3210
3211
3212
3213
3214
3215
3218
3220
3221
3222
3224
3228
3231
3233
3235
3236
3237
3239
3240
3241
3243
3244
3245
3246
3247
3248
3250
3253
3254
3255
3260
3261
3264
3267
3269
3270
3271
3272
3273
3277
3278
3280
3281
3282
3283
3286
3288
3290
3292
3293
3296
3297
3300
3301
3302
3303
3304
3305
3306
3307
3309
3310
3311
3313
3315
3316
3317
3320
3321
3322
3323
3324
3325
3327
3329
3330
3331
3332
3333
3334
3335
3336
3338
3339
3341
3344
3345
3347
3349
3350
3351
3352
3353
3354
3356
3357
3358
3359
3360
3361
3362
3364
3365
3366
3367
3369
3373
3374
3375
3377
3381
3383
3384
3385
3386
3387
3389
3392
3393
3394
3396
3399
3400
3401
3402
3403
3404
3406
3407
3409
3413
3416
3417
3418
3421
3424
3425
3426
3430
3433
3436
3437
3439
3440
3441
3443
3444
3446
3447
3448
3450
3451
3453
3455
3456
3457
3460
3462
3464
3468
3469
3472
3474
3476
3477
3478
3479
3480
3481
3482
3484
3486
3487
3488
3489
3490
3491
3492
3493
3495
3496
3497
3500
3501
3502
3504
3507
3509
3510
3513
3517
3518
3519
3521
3522
3524
3525
3527
3528
3530
3531
3532
3534
3535
3536
3537
3538
3539
3540
3541
3542
3543
3544
3545
3547
3549
3552
3554
3555
3556
3557
3559
3562
3563
3564
3565
3566
3569
3570
3572
3574
3579
3581
3583
3584
3585
3586
3588
3589
3591
3593
3594
3595
3597
3598
3599
3600
3602
3603
3604
3605
3607
3608
3610
3611
3612
3613
3615
3616
3617
3618
3619
3621
3624
3625
3626
3627
3629
3630
3631
3632
3633
3634
3637
3638
3641
3643
3644
3645
3647
3648
3649
3652
3653
3654
3656
3661
3664
3666
3667
3669
3671
3672
3673
3675
3676
3678
3680
3682
3686
3688
3689
3690
3691
3693
3694
3696
3697
3698
3700
3701
3702
3704
3706
3709
3710
3711
3713
3714
3715
3718
3719
3720
3721
3723
3725
3726
3727
3729
3733
3734
3735
3736
3738
3741
3742
3743
3745
3746
3748
3750
3752
3754
3755
3757
3758
3759
3760
3763
3766
3768
3769
3771
3772
3773
3774
3776
3777
3779
3780
3781
3782
3784
3785
3787
3788
3789
3791
3792
3793
3797
3798
3799
3802
3803
3805
3806
3808
3810
3811
3812
3813
3814
3815
3816
3818
3820
3821
3823
3824
3825
3826
3827
3828
3831
3832
3833
3834
3836
3837
3838
3839
3840
3841
3843
3849
3852
3853
3854
3858
3859
3861
3864
3866
3867
3868
3869
3870
3872
3875
3877
3879
3883
3884
3885
3887
3888
3889
3890
3891
3894
3895
3898
3900
3903
3905
3906
3908
3913
3914
3915
3916
3919
3920
3923
3924
3925
3927
3928
3933
3934
3935
3936
3939
3942
3945
3946
3948
3949
3951
3953
3954
3955
3956
3958
3959
3960
3961
3963
3964
3965
3966
3969
3970
3973
3975
3976
3977
3978
3980
3981
3982
3985
3987
3988
3990
3991
3994
3995
3996
3998
3999
4002
4003
4004
4005
4006
4009
4010
4013
4014
4015
4017
4018
4019
4020
4022
4023
4024
4025
4026
4029
4030
4032
4036
4037
4039
4041
4043
4044
4045
4046
4047
4049
4050
4051
4052
4053
4056
4057
4058
4059
4060
4061
4066
4067
4069
4071
4072
4073
4074
4076
4077
4078
4079
4080
4081
4084
4087
4090
4091
4092
4093
4094
4096
4097
4099
4102
4104
4105
4106
4108
4111
4114
4118
4119
4120
4121
4122
4123
4124
4125
4127
4129
4131
4132
4134
4135
4136
4137
4140
4141
4142
4143
4144
4145
4146
4147
4150
4152
4153
4156
4157
4158
4159
4160
4162
4165
4167
4171
4175
4176
4178
4179
4180
4182
4183
4188
4189
4190
4191
4193
4196
4197
4198
4200
4201
4202
4204
4205
4206
4208
4210
4212
4213
4214
4215
4216
4217
4218
4219
4222
4223
4224
4226
4228
4229
4230
4231
4232
4235
4236
4238
4239
4241
4243
4244
4246
4248
4250
4251
4252
4253
4254
4258
4260
4261
4262
4264
4267
4268
4269
4270
4272
4273
4274
4275
4277
4282
4283
4288
4290
4291
4294
4297
4298
4299
4304
4308
4309
4311
4312
4313
4316
4317
4319
4323
4324
4325
4326
4327
4328
4330
4333
4334
4335
4337
4338
4339
4340
4342
4343
4344
4345
4346
4348
4351
4352
4353
4354
4355
4356
4358
4360
4362
4364
4365
4366
4368
4370
4372
4373
4374
4376
4378
4380
4383
4384
4386
4387
4388
4389
4390
4393
4394
4395
4397
4398
4399
4400
4401
4402
4403
4405
4406
4408
4409
4411
4412
4414
4415
4416
4418
4421
4424
4426
4427
4428
4429
4430
4432
4433
4434
4435
4436
4437
4440
4442
4445
4446
4447
4448
4449
4452
4453
4454
4455
4456
4458
4459
4460
4461
4462
4463
4464
4465
4466
4470
4472
4473
4475
4477
4478
4480
4482
4484
4485
4486
4488
4490
4492
4493
4496
4498
4500
4501
4504
4507
4509
4511
4513
4516
4518
4519
4521
4522
4525
4526
4528
4529
4530
4533
4534
4535
4536
4537
4539
4541
4542
4544
4546
4547
4548
4549
4551
4553
4554
4555
4556
4559
4560
4561
4563
4564
4569
4571
4572
4573
4575
4577
4579
4580
4582
4583
4584
4586
4588
4589
4590
4591
4592
4593
4594
4595
4596
4600
4602
4603
4604
4605
4606
4607
4609
4610
4612
4614
4617
4619
4620
4625
4626
4627
4629
4631
4632
4635
4637
4638
4639
4640
4642
4643
4645
4648
4649
4651
4652
4654
4655
4656
4659
4662
4663
4664
4665
4666
4670
4671
4673
4675
4676
4677
4681
4682
4683
4684
4686
4687
4690
4692
4694
4697
4698
4699
4700
4701
4702
4703
4704
4705
4707
4708
4709
4710
4711
4712
4713
4714
4715
4716
4717
4719
4720
4721
4724
4726
4728
4730
4733
4736
4737
4739
4740
4743
4744
4745
4746
4748
4749
4750
4751
4753
4755
4756
4758
4760
4761
4763
4764
4765
4767
4768
4769
4770
4772
4775
4776
4777
4778
4782
4784
4785
4786
4788
4789
4790
4791
4793
4797
4798
4799
4800
4801
4803
4804
4805
4806
4807
4808
4809
4812
4815
4816
4817
4818
4820
4821
4822
4826
4828
4829
4832
4833
4834
4835
4836
4837
4839
4840
4842
4843
4844
4846
4847
4848
4850
4852
4853
4856
4858
4859
4860
4861
4863
4865
4866
4867
4868
4871
4873
4874
4875
4877
4878
4879
4881
4885
4888
4889
4890
4891
4892
4895
4896
4897
4899
4900
4902
4905
4906
4908
4909
4910
4912
4916
4917
4920
4922
4923
4924
4925
4926
4927
4928
4929
4931
4934
4936
4937
4939
4942
4944
4945
4946
4947
4948
4951
4952
4953
4954
4955
4956
4957
4958
4959
4960
4962
4963
4964
4966
4967
4968
4970
4971
4972
4975
4976
4978
4980
4982
4983
4985
4987
4988
4989
4990
4992
4995
4996
4997
4998
4999
5000
