3
5
8
9
10
11
12
13
16
17
18
19
20
21
24
27
29
31
32
33
34
35
36
37
38
39
40
41
42
43
44
45
46
47
48
49
50
51
52
54
55
56
57
58
59
61
62
64
66
70
72
75
78
81
82
84
92
93
95
98
100
104
106
107
108
110
111
113
114
115
116
117
119
122
123
124
125
126
128
129
130
131
133
137
141
142
145
146
147
150
151
152
153
154
158
159
160
164
169
172
173
174
175
176
178
179
182
183
185
186
189
190
191
192
194
196
198
200
202
203
204
205
208
210
211
213
214
215
217
218
219
220
222
224
228
229
230
233
235
236
237
238
239
241
242
243
244
245
246
247
248
250
251
252
254
257
259
261
265
266
267
268
269
272
273
275
276
278
280
281
282
283
285
286
288
289
290
292
293
294
295
296
297
298
299
301
303
304
306
307
308
309
312
313
314
315
317
318
320
321
322
324
325
326
328
329
331
333
334
335
336
337
338
339
341
343
344
345
348
349
350
351
352
355
356
358
360
361
362
364
365
366
367
369
370
371
372
373
374
376
377
378
382
383
384
387
389
390
391
392
393
395
396
397
399
400
401
402
403
404
405
407
409
411
412
413
415
417
419
420
421
422
423
424
425
426
428
429
430
431
432
434
435
436
437
439
440
441
444
446
448
450
451
452
453
454
455
457
458
459
460
463
464
466
467
468
470
471
473
475
476
479
481
482
483
485
487
488
489
491
492
493
494
496
497
498
499
500
501
502
504
505
506
510
511
512
514
516
517
521
523
524
526
527
529
530
537
538
540
541
543
547
548
551
552
553
554
557
559
560
562
563
564
565
566
567
568
569
572
573
574
575
576
578
579
583
585
587
590
592
594
596
599
601
602
604
606
608
609
611
612
614
617
618
619
620
621
622
623
625
626
627
628
629
630
632
633
634
635
636
637
640
641
642
644
646
650
651
653
654
655
656
657
659
661
663
666
668
669
671
672
673
675
677
678
679
680
681
684
686
687
688
690
691
692
693
694
695
697
703
704
705
706
708
710
711
712
713
714
718
720
723
724
727
730
731
732
735
736
738
739
741
743
744
745
746
747
751
752
754
757
758
759
760
765
767
771
772
774
777
779
782
784
787
788
789
791
792
793
794
797
798
799
800
801
802
804
807
809
810
811
812
813
814
815
816
817
819
821
823
824
826
827
828
830
831
832
833
834
836
837
838
839
841
842
844
845
846
847
849
850
851
853
856
857
858
859
860
861
862
863
864
865
866
868
870
871
872
876
877
878
879
881
882
883
884
885
886
890
891
892
896
897
899
900
902
904
905
906
907
908
909
911
912
913
914
915
917
919
920
921
922
923
925
927
928
929
931
933
935
937
940
941
943
944
947
949
951
952
953
955
956
957
959
960
963
964
966
969
971
973
974
975
977
978
980
982
983
985
987
989
991
993
995
997
998
999
1003
1005
1008
1009
1010
1011
1012
1013
1016
1020
1022
1025
1027
1029
1030
1031
1032
1034
1035
1036
1037
1039
1042
1043
1044
1045
1047
1051
1053
1055
1056
1057
1058
1059
1061
1063
1065
1068
1069
1070
1071
1072
1073
1077
1079
1080
1083
1084
1086
1089
1092
1094
1095
1096
1098
1100
1101
1103
1104
1105
1106
1107
1108
1109
1110
1111
1112
1113
1114
1115
1116
1119
1120
1121
1122
1123
1124
1126
1127
1129
1131
1132
1134
1135
1138
1139
1141
1143
1145
1147
1148
1150
1151
1152
1154
1156
1157
1160
1163
1164
1165
1166
1168
1169
1171
1173
1174
1175
1176
1177
1178
1180
1182
1183
1185
1186
1187
1188
1189
1193
1195
1199
1200
1201
1202
1206
1211
1212
1216
1217
1219
1220
1221
1223
1225
1226
1228
1230
1233
1235
1239
1241
1242
1244
1246
1248
1249
1250
1252
1253
1254
1257
1259
1260
1261
1263
1265
1266
1268
1269
1270
1272
1275
1276
1277
1279
1281
1282
1283
1284
1285
1287
1288
1290
1291
1292
1293
1294
1296
1297
1298
1303
1306
1307
1309
1314
1316
1317
1320
1323
1325
1326
1329
1331
1336
1337
1340
1341
1343
1345
1349
1350
1351
1352
1355
1356
1357
1359
1360
1361
1362
1363
1364
1365
1367
1369
1370
1371
1372
1374
1375
1377
1378
1379
1380
1381
1383
1386
1388
1389
1391
1396
1398
1399
1400
1402
1403
1405
1406
1409
1412
1414
1415
1416
1419
1420
1421
1422
1424
1425
1426
1428
1431
1435
1436
1437
1439
1442
1443
1445
1448
1451
1452
1453
1455
1457
1459
1461
1462
1463
1464
1465
1466
1467
1468
1472
1473
1474
1475
1476
1477
1479
1483
1484
1487
1488
1489
1492
1493
1495
1497
1498
1499
1500
1501
1502
1503
1504
1506
1508
1510
1511
1512
1513
1515
1516
1517
1518
1520
1521
1522
1523
1527
1529
1531
1532
1533
1534
1535
1536
1537
1538
1539
1541
1543
1547
1549
1550
1552
1553
1554
1559
1561
1562
1564
1566
1568
1569
1570
1572
1573
1574
1575
1576
1577
1578
1580
1581
1582
1583
1584
1586
1587
1589
1590
1591
1592
1593
1594
1597
1600
1601
1603
1606
1607
1608
1610
1613
1614
1615
1616
1617
1618
1620
1621
1623
1624
1625
1627
1628
1629
1630
1631
1633
1634
1636
1638
1639
1640
1641
1643
1645
1648
1650
1653
1655
1656
1658
1659
1662
1664
1665
1668
1669
1670
1671
1672
1674
1677
1678
1680
1682
1683
1684
1685
1686
1687
1691
1692
1694
1695
1696
1697
1699
1700
1704
1705
1707
1709
1710
1711
1713
1715
1716
1717
1719
1721
1722
1723
1725
1726
1727
1729
1730
1731
1732
1734
1736
1737
1738
1739
1740
1741
1742
1743
1744
1747
1752
1754
1755
1756
1758
1759
1762
1763
1764
1766
1769
1772
1775
1777
1778
1781
1783
1785
1787
1788
1790
1791
1792
1794
1797
1799
1801
1803
1804
1805
1806
1807
1809
1810
1814
1815
1816
1817
1818
1819
1820
1822
1823
1824
1828
1830
1832
1835
1837
1839
1843
1846
1849
1850
1852
1853
1854
1855
1858
1859
1860
1862
1863
1865
1866
1868
1871
1873
1875
1876
1877
1879
1881
1883
1884
1887
1888
1889
1890
1892
1893
1894
1895
1896
1897
1899
1900
1901
1904
1905
1908
1909
1910
1912
1914
1918
1919
1921
1924
1926
1927
1928
1930
1931
1933
1935
1937
1940
1941
1942
1943
1945
1946
1947
1951
1952
1954
1955
1956
1957
1959
1960
1962
1963
1964
1965
1966
1968
1969
1971
1972
1973
1974
1977
1979
1980
1981
1982
1984
1985
1987
1988
1991
1994
1995
1996
1997
1998
1999
2000
2001
2002
2003
2004
2006
2007
2008
2009
2010
2011
2013
2014
2015
2016
2017
2018
2019
2021
2022
2023
2025
2027
2029
2032
2034
2035
2036
2037
2038
2041
2042
2043
2045
2046
2048
2050
2051
2052
2053
2054
2056
2058
2061
2062
2064
2066
2067
2068
2069
2070
2074
2076
2077
2078
2079
2080
2082
2084
2085
2087
2088
2089
2090
2091
2093
2094
2095
2097
2100
2102
2103
2104
2105
2109
2110
2111
2113
2115
2116
2118
2119
2121
2123
2124
2125
2126
2127
2128
2129
2131
2132
2134
2135
2137
2138
2139
2141
2143
2147
2153
2156
2159
2160
2161
2162
2164
2166
2168
2170
2171
2172
2173
2175
2176
2177
2179
2180
2181
2184
2185
2186
2190
2191
2194
2196
2198
2200
2202
2205
2206
2207
2208
2209
2213
2214
2215
2217
2220
2221
2224
2225
2227
2229
2231
2234
2235
2237
2238
2240
2241
2242
2244
2245
2246
2248
2249
2250
2251
2253
2254
2255
2257
2258
2260
2261
2263
2264
2266
2267
2269
2272
2273
2276
2277
2278
2280
2281
2284
2285
2286
2287
2288
2289
2290
2291
2292
2293
2295
2298
2299
2301
2303
2304
2306
2307
2308
2311
2313
2314
2315
2316
2317
2320
2321
2322
2323
2324
2325
2326
2328
2329
2330
2331
2333
2334
2335
2336
2337
2338
2339
2340
2341
2343
2344
2345
2347
2349
2351
2353
2354
2356
2357
2358
2360
2362
2364
2366
2368
2372
2374
2376
2377
2378
2380
2382
2383
2385
2386
2387
2390
2392
2393
2394
2396
2397
2398
2399
2401
2404
2405
2406
2407
2408
2410
2411
2412
2413
2415
2416
2418
2421
2422
2423
2425
2426
2427
2428
2429
2430
2433
2435
2436
2437
2439
2440
2441
2443
2445
2446
2447
2448
2449
2451
2453
2454
2455
2456
2459
2462
2463
2464
2465
2466
2467
2468
2469
2470
2472
2473
2474
2476
2477
2478
2480
2481
2485
2486
2487
2488
2491
2493
2495
2496
2497
2498
2499
2501
2502
2505
2506
2507
2509
2510
2511
2514
2517
2518
2519
2520
2522
2523
2525
2527
2528
2529
2530
2531
2532
2533
2535
2536
2539
2540
2544
2546
2548
2549
2550
2553
2554
2555
2556
2557
2558
2559
2561
2563
2565
2566
2567
2568
2569
2570
2572
2573
2574
2576
2577
2578
2579
2581
2584
2586
2590
2593
2595
2598
2599
2600
2601
2602
2604
2607
2608
2609
2610
2611
2612
2613
2615
2616
2618
2619
2620
2623
2624
2626
2627
2628
2630
2633
2635
2636
2637
2639
2641
2644
2647
2649
2652
2654
2655
2656
2658
2659
2660
2662
2664
2666
2668
2670
2675
2676
2677
2680
2681
2682
2684
2685
2686
2687
2688
2690
2692
2695
2696
2697
2698
2699
2701
2702
2704
2705
2707
2708
2709
2711
2712
2714
2717
2718
2720
2721
2722
2724
2726
2728
2729
2731
2733
2734
2735
2736
2737
2738
2739
2740
2741
2742
2743
2744
2747
2750
2751
2753
2754
2759
2761
2763
2764
2765
2766
2768
2769
2770
2771
2774
2775
2776
2779
2780
2781
2783
2784
2785
2786
2790
2792
2793
2796
2797
2800
2802
2806
2807
2809
2811
2812
2813
2815
2817
2820
2821
2823
2824
2828
2829
2830
2831
2833
2836
2837
2838
2839
2840
2841
2845
2846
2848
2849
2850
2851
2853
2856
2857
2858
2859
2860
2861
2862
2863
2864
2865
2867
2869
2871
2875
2876
2878
2880
2883
2884
2887
2888
2891
2893
2894
2895
2898
2899
2901
2903
2904
2905
2906
2909
2910
2911
2913
2914
2917
2921
2923
2924
2926
2929
2931
2934
2935
2937
2938
2939
2940
2941
2942
2943
2945
2946
2947
2949
2951
2953
2956
2959
2960
2961
2962
2963
2965
2967
2968
2969
2970
2973
2974
2975
2976
2977
2979
2980
2981
2984
2986
2987
2988
2989
2991
2992
2993
2994
2995
2996
3000
3001
3002
3004
3005
3006
3008
3010
3012
3013
3015
3016
3017
3018
3019
3021
3024
3027
3030
3031
3032
3035
3038
3039
3040
3042
3043
3045
3048
3051
3052
3053
3054
3056
3057
3058
3059
3060
3061
3062
3063
3064
3065
3068
3071
3072
3073
3074
3075
3076
3077
3078
3079
3080
3081
3085
3086
3088
3089
3090
3092
3093
3094
3097
3102
3103
3104
3105
3107
3108
3110
3111
3112
3113
3117
3118
3120
3121
3122
3123
3124
3125
3127
3128
3129
3130
3131
3133
3134
3137
3138
3141
3144
3146
3147
3148
3150
3151
3153
3154
3155
3156
3157
3158
3159
3161
3163
3164
3166
3167
3169
3170
3172
3173
3174
3175
3177
3181
3182
3184
3185
3187
3188
3191
3192
3194
3196
3197
3198
3199
3200
3202
3204
3205
3206
3207
3210
3211
3212
3214
3215
3217
3218
3221
3223
3227
3228
3229
3231
3233
3236
3237
3238
3239
3242
3243
3246
3248
3249
3250
3252
3253
3254
3255
3259
3262
3263
3264
3266
3267
3270
3271
3275
3276
3278
3279
3281
3282
3284
3286
3287
3288
3289
3292
3295
3296
3297
3298
3300
3301
3302
3304
3305
3306
3307
3308
3309
3310
3312
3317
3319
3321
3323
3325
3326
3328
3331
3334
3336
3338
3340
3341
3343
3344
3346
3349
3350
3353
3355
3358
3359
3360
3362
3363
3365
3366
3367
3368
3369
3370
3371
3372
3373
3374
3375
3376
3377
3378
3379
3380
3381
3384
3386
3388
3389
3391
3395
3396
3398
3399
3401
3402
3403
3404
3407
3408
3409
3410
3412
3413
3414
3417
3418
3420
3421
3424
3427
3429
3430
3431
3432
3434
3439
3440
3441
3442
3444
3445
3449
3450
3452
3453
3454
3456
3458
3459
3460
3461
3462
3464
3465
3467
3468
3469
3470
3471
3472
3473
3474
3475
3476
3477
3478
3479
3481
3483
3486
3487
3488
3489
3492
3493
3494
3496
3498
3499
3500
3502
3503
3504
3505
3507
3509
3512
3513
3516
3518
3519
3520
3521
3522
3525
3526
3527
3528
3529
3530
3531
3533
3534
3535
3536
3537
3538
3541
3542
3543
3544
3545
3547
3550
3551
3552
3553
3555
3558
3559
3560
3562
3563
3565
3566
3569
3570
3574
3576
3577
3578
3581
3582
3583
3584
3585
3586
3587
3590
3591
3592
3594
3596
3597
3600
3601
3603
3605
3607
3609
3610
3612
3614
3616
3617
3619
3621
3623
3624
3625
3626
3627
3628
3630
3632
3635
3636
3638
3640
3641
3642
3643
3644
3645
3646
3647
3648
3649
3650
3651
3655
3656
3657
3659
3661
3662
3664
3667
3668
3670
3672
3674
3676
3677
3678
3679
3680
3681
3684
3687
3688
3689
3690
3692
3693
3694
3695
3697
3701
3703
3704
3706
3708
3709
3714
3715
3716
3718
3720
3721
3722
3723
3725
3726
3728
3730
3731
3732
3733
3735
3736
3739
3741
3742
3743
3744
3745
3748
3749
3751
3753
3754
3755
3758
3759
3760
3761
3762
3764
3766
3768
3769
3770
3772
3773
3774
3776
3777
3778
3780
3782
3783
3784
3785
3787
3788
3790
3791
3792
3793
3795
3797
3798
3804
3805
3806
3808
3811
3813
3815
3817
3818
3819
3820
3822
3824
3826
3827
3828
3829
3830
3831
3832
3833
3836
3837
3841
3842
3844
3845
3848
3849
3851
3852
3854
3857
3860
3861
3863
3865
3867
3868
3869
3870
3871
3872
3873
3874
3875
3878
3879
3880
3881
3882
3883
3884
3888
3890
3892
3893
3894
3895
3896
3898
3899
3900
3901
3903
3905
3906
3907
3908
3909
3911
3914
3915
3919
3921
3923
3924
3925
3926
3927
3928
3931
3933
3936
3937
3939
3940
3941
3943
3944
3945
3946
3948
3949
3950
3951
3952
3953
3954
3955
3956
3957
3958
3959
3960
3961
3962
3964
3967
3969
3970
3971
3973
3974
3976
3978
3980
3982
3984
3985
3986
3987
3988
3990
3992
3994
3995
3996
3997
3998
3999
4000
4001
4002
4003
4004
4005
4007
4008
4010
4013
4015
4016
4018
4019
4021
4022
4023
4024
4028
4030
4033
4034
4036
4037
4038
4043
4044
4045
4047
4048
4049
4052
4053
4054
4056
4057
4058
4059
4061
4063
4065
4067
4068
4069
4070
4072
4073
4074
4075
4076
4080
4081
4082
4084
4088
4090
4091
4092
4094
4096
4099
4100
4103
4105
4106
4107
4108
4110
4112
4114
4115
4116
4117
4118
4120
4121
4122
4123
4124
4125
4126
4127
4128
4129
4130
4133
4134
4137
4138
4141
4142
4143
4144
4145
4147
4149
4151
4152
4154
4156
4158
4159
4160
4161
4162
4163
4165
4167
4168
4170
4171
4174
4175
4177
4179
4180
4181
4182
4184
4185
4186
4187
4189
4191
4192
4193
4194
4195
4197
4200
4201
4202
4203
4204
4205
4207
4208
4211
4214
4216
4217
4219
4222
4223
4224
4226
4227
4228
4229
4230
4231
4232
4233
4235
4239
4241
4243
4245
4248
4250
4251
4253
4256
4257
4260
4264
4266
4267
4269
4270
4273
4274
4275
4276
4278
4279
4280
4281
4282
4287
4288
4290
4293
4295
4296
4297
4298
4299
4300
4301
4304
4306
4308
4310
4311
4312
4313
4315
4318
4319
4324
4326
4327
4330
4333
4335
4338
4339
4341
4342
4344
4345
4346
4347
4348
4349
4350
4352
4354
4356
4358
4360
4361
4362
4366
4368
4371
4372
4375
4377
4381
4382
4385
4386
4388
4389
4390
4391
4392
4393
4394
4395
4396
4397
4398
4399
4401
4402
4404
4405
4407
4409
4412
4413
4414
4417
4418
4420
4421
4422
4424
4425
4426
4427
4428
4429
4433
4436
4437
4438
4439
4442
4444
4445
4446
4449
4450
4452
4453
4454
4458
4460
4461
4462
4463
4465
4466
4472
4473
4474
4475
4477
4478
4480
4481
4482
4484
4485
4489
4491
4492
4493
4494
4495
4497
4502
4504
4505
4508
4509
4512
4516
4517
4518
4519
4523
4524
4526
4527
4528
4530
4532
4534
4535
4536
4537
4539
4543
4544
4545
4547
4549
4552
4554
4556
4557
4559
4560
4561
4562
4564
4567
4568
4570
4572
4573
4575
4576
4578
4581
4583
4584
4585
4586
4588
4592
4593
4596
4597
4601
4603
4605
4606
4609
4612
4614
4615
4616
4618
4620
4621
4622
4624
4625
4626
4627
4633
4635
4636
4637
4638
4639
4643
4644
4645
4646
4648
4649
4650
4651
4653
4654
4655
4656
4660
4664
4665
4666
4668
4671
4673
4674
4675
4676
4677
4678
4679
4681
4683
4685
4686
4689
4690
4691
4693
4694
4695
4696
4697
4698
4700
4701
4702
4703
4704
4705
4706
4707
4709
4710
4711
4712
4713
4714
4715
4717
4719
4720
4721
4722
4724
4725
4729
4730
4732
4734
4735
4737
4738
4740
4741
4742
4744
4745
4746
4747
4748
4749
4751
4752
4753
4754
4755
4758
4759
4760
4762
4763
4765
4767
4768
4770
4771
4772
4773
4774
4776
4777
4779
4781
4783
4784
4786
4787
4788
4790
4791
4792
4794
4796
4798
4799
4800
4801
4803
4805
4807
4809
4811
4812
4813
4814
4815
4817
4819
4821
4822
4823
4825
4826
4827
4829
4831
4832
4835
4837
4838
4841
4842
4843
4847
4848
4849
4850
4851
4852
4853
4854
4855
4857
4858
4859
4862
4863
4865
4867
4868
4869
4870
4873
4874
4875
4876
4878
4881
4882
4885
4886
4887
4888
4889
4890
4891
4892
4894
4896
4897
4898
4899
4900
4901
4902
4903
4905
4907
4909
4910
4913
4914
4915
4916
4917
4921
4923
4925
4927
4929
4931
4932
4933
4934
4936
4937
4938
4940
4942
4945
4946
4947
4948
4950
4951
4952
4953
4955
4958
4960
4961
4964
4965
4968
4969
4970
4973
4976
4979
4980
4981
4985
4987
4988
4989
4993
4994
4997
4999
5000
5002
5003
5006
5008
5009
5012
5016
5017
5018
5019
5021
5022
5023
5024
5025
5027
5028
5030
5032
5034
5035
5036
5039
5041
5043
5044
5046
5047
5048
5049
5050
5052
5053
5054
5055
5057
5058
5059
5060
5062
5063
5064
5065
5068
5069
5070
5072
5074
5076
5077
5078
5081
5082
5084
5085
5087
5091
5092
5094
5096
5098
5099
5101
5103
5104
5105
5106
5111
5112
5113
5115
5116
5119
5121
5122
5123
5124
5125
5127
5129
5131
5132
5133
5135
5136
5139
5144
5147
5149
5150
5151
5155
5158
5160
5161
5163
5164
5165
5166
5168
5171
5173
5174
5176
5179
5180
5181
5182
5183
5185
5186
5187
5188
5191
5192
5193
5195
5196
5198
5199
5200
5201
5202
5203
5204
5205
5207
5209
5212
5213
5214
5215
5216
5218
5220
5221
5222
5225
5227
5229
5230
5232
5235
5237
5239
5240
5242
5243
5244
5247
5250
5251
5253
5254
5255
5256
5260
5262
5263
5264
5265
5266
5268
5271
5273
5274
5278
5281
5282
5284
5285
5286
5287
5290
5291
5293
5296
5298
5300
5301
5302
5303
5304
5306
5307
5308
5309
5311
5314
5315
5316
5317
5318
5319
5322
5323
5324
5327
5328
5331
5332
5333
5334
5335
5336
5337
5338
5339
5340
5343
5345
5346
5348
5349
5350
5353
5354
5355
5356
5357
5358
5360
5363
5364
5365
5366
5367
5370
5371
5372
5374
5375
5376
5377
5378
5379
5380
5383
5384
5385
5388
5392
5393
5394
5395
5397
5398
5399
5400
5401
5403
5404
5405
5406
5407
5408
5409
5410
5413
5416
5418
5419
5420
5421
5422
5425
5428
5429
5430
5431
5433
5434
5435
5438
5439
5440
5441
5444
5446
5448
5450
5452
5453
5455
5456
5457
5458
5459
5461
5463
5464
5466
5467
5471
5472
5476
5478
5479
5480
5481
5482
5484
5486
5487
5488
5489
5490
5491
5492
5495
5497
5498
5499
5501
5503
5504
5505
5506
5507
5508
5510
5511
5512
5514
5516
5517
5518
5520
5521
5524
5525
5527
5528
5530
5532
5533
5535
5536
5537
5539
5540
5542
5543
5544
5546
5547
5549
5551
5552
5555
5556
5559
5560
5562
5564
5565
5567
5568
5570
5571
5572
5573
5575
5576
5577
5579
5582
5584
5585
5587
5588
5589
5590
5591
5594
5595
5596
5599
5600
5601
5602
5604
5605
5606
5610
5614
5617
5618
5619
5621
5623
5625
5626
5628
5629
5631
5636
5639
5640
5642
5645
5648
5649
5650
5652
5653
5659
5662
5663
5665
5667
5669
5671
5674
5675
5677
5678
5680
5683
5685
5686
5688
5689
5691
5692
5695
5696
5698
5699
5701
5702
5703
5705
5707
5709
5710
5712
5713
5714
5715
5716
5719
5721
5722
5723
5724
5727
5728
5730
5731
5733
5737
5741
5742
5744
5745
5746
5748
5749
5751
5752
5753
5754
5756
5758
5760
5761
5762
5764
5765
5767
5768
5772
5774
5775
5776
5777
5778
5779
5781
5782
5783
5784
5785
5786
5787
5790
5792
5793
5795
5797
5798
5799
5801
5802
5803
5804
5807
5808
5809
5810
5812
5813
5814
5816
5817
5819
5820
5821
5822
5823
5824
5826
5829
5830
5832
5833
5834
5835
5837
5838
5840
5843
5846
5850
5852
5854
5855
5856
5857
5861
5864
5865
5866
5868
5869
5870
5872
5873
5874
5875
5876
5878
5879
5881
5886
5889
5890
5891
5893
5894
5895
5898
5900
5901
5905
5906
5910
5911
5912
5914
5915
5917
5918
5920
5923
5924
5927
5929
5930
5932
5933
5934
5937
5938
5939
5940
5941
5943
5944
5945
5947
5949
5951
5952
5953
5954
5955
5956
5958
5959
5960
5962
5963
5964
5965
5966
5968
5969
5970
5972
5973
5974
5976
5977
5979
5981
5982
5984
5985
5986
5989
5992
5994
5996
5997
5998
5999
6000
6002
6005
6006
6007
6009
6010
6011
6013
6015
6017
6018
6019
6020
6023
6024
6027
6028
6029
6031
6033
6036
6037
6039
6040
6041
6042
6043
6044
6045
6048
6051
6052
6053
6054
6055
6056
6058
6059
6060
6063
6064
6065
6066
6067
6070
6073
6074
6075
6076
6077
6079
6081
6082
6084
6087
6088
6089
6091
6092
6094
6095
6096
6097
6098
6100
6101
6104
6105
6107
6108
6110
6114
6116
6117
6118
6119
6120
6124
6125
6127
6128
6130
6131
6134
6137
6138
6139
6140
6141
6142
6144
6147
6148
6149
6152
6153
6156
6158
6161
6162
6163
6164
6166
6167
6168
6169
6170
6173
6174
6175
6176
6177
6178
6179
6180
6181
6182
6184
6185
6186
6187
6188
6189
6191
6192
6193
6195
6196
6197
6199
6201
6203
6204
6206
6209
6211
6212
6214
6215
6219
6220
6221
6222
6223
6224
6228
6230
6232
6233
6234
6235
6236
6237
6239
6240
6241
6242
6245
6249
6250
6251
6252
6253
6254
6255
6256
6257
6258
6259
6261
6263
6264
6265
6268
6269
6271
6272
6273
6275
6276
6277
6279
6281
6285
6290
6291
6293
6294
6296
6297
6300
6303
6305
6306
6307
6308
6309
6310
6311
6314
6317
6320
6323
6324
6325
6328
6329
6331
6334
6336
6337
6338
6340
6345
6346
6347
6348
6349
6352
6353
6356
6359
6361
6362
6363
6364
6365
6366
6367
6368
6369
6371
6375
6380
6381
6383
6385
6386
6388
6389
6390
6392
6393
6394
6395
6397
6401
6404
6406
6409
6411
6412
6415
6418
6420
6421
6422
6423
6424
6430
6431
6432
6434
6435
6436
6437
6439
6440
6441
6442
6443
6444
6445
6447
6448
6449
6450
6451
6453
6454
6455
6456
6458
6459
6460
6464
6465
6467
6470
6471
6473
6476
6477
6478
6479
6481
6482
6483
6487
6488
6490
6491
6494
6495
6496
6498
6499
6500
6501
6502
6503
6508
6510
6511
6512
6514
6515
6517
6518
6521
6523
6524
6525
6527
6528
6529
6530
6531
6532
6533
6534
6535
6536
6537
6538
6539
6540
6541
6543
6544
6545
6546
6549
6551
6552
6553
6557
6558
6559
6562
6563
6566
6567
6568
6570
6571
6572
6573
6574
6575
6576
6579
6580
6583
6585
6586
6587
6589
6590
6591
6594
6596
6598
6600
6601
6602
6603
6606
6607
6610
6611
6613
6615
6616
6618
6619
6620
6621
6622
6625
6626
6627
6628
6629
6630
6631
6634
6635
6636
6638
6639
6640
6641
6643
6645
6647
6648
6650
6651
6652
6654
6655
6656
6657
6659
6660
6661
6662
6663
6664
6667
6668
6670
6671
6672
6673
6675
6677
6678
6679
6680
6681
6682
6684
6686
6687
6690
6691
6693
6694
6695
6696
6699
6700
6702
6704
6705
6707
6710
6712
6714
6716
6718
6720
6721
6723
6726
6727
6728
6729
6733
6734
6735
6738
6739
6740
6741
6742
6743
6745
6746
6747
6748
6749
6751
6752
6754
6755
6757
6759
6760
6761
6763
6767
6769
6770
6771
6774
6775
6777
6779
6780
6781
6782
6783
6784
6787
6788
6790
6791
6792
6795
6796
6798
6800
6801
6803
6804
6807
6808
6809
6810
6811
6812
6813
6815
6816
6817
6818
6819
6821
6823
6824
6825
6827
6829
6831
6832
6833
6834
6836
6840
6841
6844
6845
6846
6847
6848
6851
6852
6853
6854
6855
6857
6858
6859
6860
6862
6866
6867
6870
6871
6872
6873
6874
6875
6876
6877
6879
6880
6881
6882
6883
6885
6887
6889
6892
6893
6894
6895
6896
6899
6900
6901
6902
6905
6906
6909
6912
6913
6914
6915
6916
6918
6920
6921
6924
6925
6927
6928
6929
6930
6932
6936
6938
6941
6942
6943
6947
6949
6950
6951
6953
6954
6956
6961
6963
6964
6965
6968
6969
6971
6973
6975
6978
6981
6984
6986
6988
6990
6992
6994
6995
6996
6997
6999
7001
7004
7006
7008
7011
7012
7013
7015
7017
7018
7019
7020
7022
7023
7024
7025
7026
7028
7029
7031
7033
7034
7035
7036
7039
7040
7042
7043
7044
7047
7048
7049
7050
7051
7053
7055
7057
7058
7061
7062
7063
7064
7065
7070
7071
7074
7076
7079
7081
7082
7083
7084
7085
7087
7088
7089
7091
7092
7095
7096
7097
7098
7099
7102
7103
7104
7105
7107
7108
7109
7110
7111
7113
7114
7116
7118
7119
7121
7122
7123
7124
7125
7126
7128
7129
7130
7132
7134
7135
7136
7138
7139
7140
7141
7142
7144
7145
7147
7151
7154
7155
7156
7157
7159
7160
7162
7165
7166
7167
7171
7174
7175
7177
7178
7179
7180
7181
7182
7184
7188
7190
7192
7193
7195
7196
7197
7199
7201
7204
7205
7206
7208
7209
7213
7216
7218
7219
7221
7223
7224
7226
7227
7230
7233
7234
7235
7236
7237
7240
7242
7243
7245
7249
7251
7255
7256
7258
7259
7260
7261
7263
7266
7267
7268
7269
7270
7271
7272
7274
7275
7276
7277
7278
7280
7281
7285
7286
7287
7288
7289
7293
7296
7297
7298
7300
7301
7302
7305
7306
7307
7309
7310
7313
7314
7315
7317
7318
7319
7320
7322
7323
7324
7325
7326
7328
7330
7331
7333
7334
7335
7336
7338
7341
7343
7344
7345
7346
7347
7349
7350
7352
7354
7355
7356
7357
7360
7362
7363
7365
7366
7367
7368
7370
7372
7373
7375
7376
7377
7378
7380
7383
7384
7387
7388
7389
7390
7392
7395
7398
7400
7401
7406
7408
7411
7412
7413
7414
7415
7416
7419
7421
7422
7423
7424
7425
7426
7427
7428
7430
7432
7433
7434
7435
7436
7437
7438
7439
7441
7445
7446
7447
7448
7449
7451
7452
7453
7455
7458
7459
7460
7463
7464
7465
7466
7468
7471
7472
7473
7474
7475
7476
7479
7480
7482
7484
7485
7486
7487
7488
7490
7491
7492
7493
7494
7495
7496
7497
7499
7501
7502
7503
7504
7505
7506
7508
7510
7513
7515
7516
7517
7519
7520
7521
7522
7523
7525
7527
7529
7531
7532
7534
7535
7536
7541
7542
7546
7547
7548
7550
7551
7553
7554
7555
7557
7558
7559
7562
7563
7564
7565
7566
7567
7569
7570
7572
7573
7574
7576
7579
7580
7581
7584
7588
7590
7593
7595
7599
7600
7601
7603
7606
7607
7608
7610
7611
7613
7615
7616
7619
7621
7624
7626
7628
7629
7630
7632
7634
7635
7636
7637
7638
7639
7640
7641
7642
7643
7644
7646
7649
7650
7651
7652
7654
7655
7656
7657
7661
7664
7665
7666
7668
7669
7670
7672
7674
7676
7677
7678
7679
7680
7682
7683
7686
7688
7689
7690
7693
7695
7696
7697
7698
7701
7702
7704
7706
7707
7708
7710
7711
7713
7715
7717
7718
7719
7720
7723
7726
7727
7729
7730
7731
7733
7734
7736
7737
7739
7742
7746
7747
7749
7750
7752
7753
7757
7758
7760
7762
7763
7764
7765
7766
7769
7770
7771
7772
7773
7774
7777
7778
7780
7782
7784
7786
7787
7788
7789
7790
7791
7794
7796
7797
7799
7801
7804
7807
7808
7810
7811
7813
7815
7816
7820
7822
7824
7825
7826
7829
7830
7831
7832
7834
7836
7837
7838
7840
7843
7845
7846
7848
7849
7850
7852
7854
7855
7859
7860
7861
7865
7867
7868
7869
7870
7871
7873
7876
7879
7881
7883
7886
7887
7889
7890
7891
7892
7894
7896
7897
7898
7901
7904
7905
7907
7908
7909
7910
7912
7914
7917
7918
7919
7921
7922
7924
7926
7927
7929
7930
7936
7937
7939
7942
7945
7946
7947
7951
7952
7954
7955
7956
7957
7958
7961
7963
7964
7966
7967
7968
7969
7970
7971
7972
7973
7974
7975
7977
7978
7979
7981
7982
7983
7984
7986
7988
7989
7990
7992
7993
7994
7997
7998
7999
8000
8001
8004
8005
8008
8010
8011
8012
8013
8018
8020
8022
8024
8025
8026
8028
8029
8031
8032
8034
8035
8036
8039
8040
8041
8044
8046
8048
8049
8051
8052
8053
8054
8056
8059
8061
8063
8064
8065
8066
8067
8068
8072
8075
8076
8079
8080
8084
8086
8088
8089
8090
8091
8092
8094
8096
8097
8098
8099
8100
8102
8103
8106
8107
8108
8110
8112
8113
8114
8115
8117
8119
8121
8122
8123
8125
8126
8128
8129
8130
8131
8132
8133
8134
8135
8137
8138
8139
8140
8142
8143
8144
8145
8147
8150
8151
8153
8156
8158
8159
8160
8162
8163
8165
8166
8167
8168
8169
8173
8174
8177
8178
8179
8180
8181
8183
8184
8185
8186
8188
8189
8191
8192
8193
8195
8197
8198
8202
8204
8206
8208
8209
8210
8212
8213
8217
8220
8221
8224
8226
8228
8229
8230
8232
8233
8235
8236
8238
8240
8241
8243
8245
8247
8248
8250
8251
8252
8253
8255
8257
8258
8260
8261
8262
8263
8267
8268
8269
8270
8272
8273
8274
8276
8277
8278
8280
8281
8282
8283
8284
8286
8287
8288
8289
8291
8292
8293
8294
8296
8297
8299
8300
8303
8305
8307
8308
8309
8310
8311
8312
8314
8315
8316
8318
8322
8324
8326
8327
8328
8330
8332
8333
8334
8336
8339
8341
8342
8343
8344
8346
8347
8348
8349
8350
8351
8352
8353
8357
8358
8359
8360
8361
8362
8363
8364
8366
8368
8370
8371
8372
8374
8376
8377
8379
8380
8381
8383
8384
8386
8388
8389
8392
8393
8395
8398
8401
8404
8405
8407
8408
8409
8411
8414
8415
8416
8417
8418
8419
8421
8422
8423
8424
8425
8426
8427
8428
8429
8431
8432
8433
8434
8437
8438
8441
8443
8444
8447
8448
8451
8452
8455
8456
8458
8460
8462
8463
8466
8467
8468
8469
8471
8472
8474
8475
8480
8481
8482
8483
8485
8486
8487
8488
8489
8491
8492
8493
8494
8495
8496
8497
8498
8499
8502
8504
8506
8507
8508
8509
8511
8512
8513
8514
8517
8519
8521
8522
8524
8525
8528
8529
8530
8533
8537
8539
8542
8543
8546
8549
8550
8551
8552
8556
8557
8558
8561
8562
8566
8567
8568
8570
8572
8574
8576
8577
8578
8581
8582
8583
8584
8586
8587
8588
8590
8592
8593
8594
8595
8598
8599
8600
8601
8603
8606
8608
8609
8612
8614
8615
8616
8617
8618
8620
8623
8624
8625
8626
8629
8631
8632
8634
8635
8636
8637
8638
8642
8643
8644
8646
8647
8648
8650
8651
8652
8655
8656
8659
8660
8662
8663
8664
8665
8666
8669
8670
8672
8673
8675
8677
8679
8680
8681
8682
8683
8684
8685
8686
8688
8689
8690
8691
8692
8693
8694
8696
8697
8698
8699
8704
8708
8709
8710
8711
8713
8714
8715
8716
8717
8718
8721
8723
8725
8727
8728
8729
8730
8731
8732
8733
8734
8735
8736
8739
8740
8741
8744
8747
8751
8752
8753
8754
8755
8756
8762
8763
8764
8765
8766
8767
8768
8771
8772
8773
8774
8776
8777
8778
8779
8780
8781
8783
8785
8786
8787
8788
8789
8790
8792
8794
8795
8797
8799
8800
8802
8803
8804
8806
8807
8809
8810
8811
8815
8816
8817
8819
8820
8821
8822
8824
8826
8827
8828
8830
8832
8834
8835
8838
8839
8843
8845
8846
8847
8848
8849
8852
8853
8860
8862
8864
8866
8867
8868
8869
8870
8872
8873
8874
8876
8877
8880
8881
8883
8884
8886
8887
8888
8891
8892
8893
8895
8897
8898
8899
8904
8908
8909
8910
8911
8912
8914
8915
8916
8917
8919
8921
8922
8924
8925
8927
8928
8929
8931
8932
8933
8934
8935
8936
8937
8938
8940
8941
8943
8945
8947
8948
8949
8950
8951
8953
8954
8957
8959
8960
8965
8966
8969
8974
8978
8980
8981
8982
8985
8986
8989
8990
8991
8993
8994
8997
8998
8999
9000
9001
9006
9008
9010
9013
9014
9015
9016
9017
9019
9021
9022
9023
9026
9027
9030
9032
9034
9035
9036
9037
9039
9042
9043
9045
9046
9047
9049
9050
9051
9054
9055
9056
9057
9058
9059
9062
9064
9065
9066
9068
9071
9072
9073
9075
9076
9081
9082
9083
9085
9086
9088
9089
9090
9091
9092
9094
9096
9099
9103
9106
9108
9110
9112
9114
9117
9118
9121
9124
9126
9127
9128
9129
9130
9131
9134
9136
9137
9138
9139
9140
9141
9142
9143
9145
9147
9148
9151
9152
9155
9157
9158
9161
9162
9164
9165
9166
9169
9172
9173
9175
9176
9177
9178
9179
9181
9182
9183
9184
9185
9187
9189
9190
9191
9194
9195
9196
9197
9198
9200
9202
9206
9209
9212
9214
9215
9217
9220
9221
9222
9223
9224
9225
9227
9231
9232
9233
9234
9238
9241
9242
9244
9246
9248
9249
9250
9251
9252
9253
9254
9257
9258
9259
9260
9265
9266
9267
9268
9270
9271
9272
9273
9274
9275
9276
9278
9279
9281
9283
9284
9285
9286
9287
9289
9291
9292
9293
9294
9295
9296
9299
9301
9302
9304
9306
9309
9310
9311
9314
9316
9317
9320
9321
9322
9325
9326
9328
9330
9332
9333
9335
9337
9339
9340
9341
9342
9343
9344
9345
9346
9347
9348
9349
9353
9354
9355
9356
9357
9358
9359
9360
9361
9364
9365
9366
9367
9368
9369
9371
9373
9374
9376
9377
9378
9379
9381
9382
9383
9385
9387
9389
9391
9392
9393
9395
9397
9398
9399
9400
9401
9402
9403
9404
9405
9406
9407
9408
9409
9411
9412
9413
9415
9419
9420
9421
9423
9425
9426
9427
9429
9430
9431
9432
9433
9435
9436
9437
9438
9440
9441
9446
9447
9448
9450
9451
9452
9453
9455
9456
9458
9463
9464
9465
9467
9469
9470
9473
9474
9476
9477
9478
9480
9482
9483
9484
9485
9486
9487
9488
9491
9494
9495
9497
9498
9499
9503
9504
9506
9507
9509
9510
9512
9514
9515
9516
9517
9518
9520
9523
9525
9527
9528
9529
9530
9532
9534
9535
9536
9538
9539
9541
9543
9544
9545
9548
9549
9550
9552
9553
9554
9555
9556
9557
9559
9560
9561
9563
9565
9567
9568
9569
9570
9573
9574
9575
9577
9578
9580
9583
9584
9585
9586
9589
9591
9593
9594
9595
9596
9597
9598
9599
9602
9603
9604
9605
9607
9608
9609
9610
9611
9613
9615
9617
9619
9620
9621
9623
9624
9625
9626
9627
9628
9630
9631
9632
9636
9637
9638
9639
9641
9642
9643
9645
9646
9648
9649
9650
9651
9654
9655
9656
9658
9661
9662
9663
9664
9668
9672
9673
9674
9676
9678
9679
9682
9686
9687
9689
9690
9691
9693
9694
9696
9697
9698
9701
9702
9703
9704
9705
9706
9707
9708
9710
9711
9713
9715
9716
9720
9722
9723
9725
9726
9727
9728
9729
9730
9731
9733
9734
9735
9737
9739
9740
9741
9742
9744
9745
9748
9751
9753
9755
9756
9757
9759
9760
9761
9762
9765
9769
9770
9771
9772
9773
9777
9779
9780
9782
9783
9784
9785
9789
9790
9793
9795
9796
9799
9802
9803
9804
9806
9807
9808
9810
9811
9813
9814
9815
9818
9820
9822
9824
9825
9826
9828
9830
9833
9835
9836
9837
9838
9842
9844
9846
9849
9850
9852
9853
9857
9858
9859
9861
9862
9865
9868
9870
9872
9874
9875
9876
9877
9878
9880
9881
9882
9883
9884
9886
9887
9889
9893
9894
9895
9897
9898
9901
9902
9903
9905
9909
9910
9912
9913
9914
9915
9916
9917
9918
9919
9921
9922
9925
9926
9928
9929
9930
9931
9933
9936
9937
9943
9944
9946
9948
9950
9951
9952
9953
9955
9957
9959
9962
9964
9968
9969
9972
9973
9974
9975
9976
9977
9979
9982
9985
9987
9989
9990
9991
9993
9998
9999
10000