2
3
4
5
6
7
9
11
12
14
15
17
23
24
25
27
28
29
30
31
32
34
35
37
39
42
43
44
46
47
48
50
51
52
53
54
56
58
59
61
62
63
65
67
68
69
73
75
76
77
78
79
81
82
84
86
87
88
89
90
91
92
93
95
96
98
101
107
109
111
114
115
118
120
122
123
124
125
126
127
130
131
132
133
135
137
138
140
142
143
146
147
148
149
150
152
153
154
156
158
161
164
166
167
171
172
173
175
176
177
179
180
181
182
183
185
186
188
189
190
193
194
196
197
198
200
202
203
204
209
212
213
214
215
216
217
219
221
222
224
226
228
229
231
233
235
237
238
239
241
242
245
249
252
254
255
257
258
261
263
264
265
266
267
269
270
274
275
276
277
278
279
281
283
284
286
287
288
289
291
293
295
297
299
300
302
303
304
306
308
309
311
314
317
318
320
325
326
327
328
329
331
333
336
338
340
342
345
346
348
349
350
353
355
356
357
358
359
361
362
364
365
367
370
372
374
375
376
377
378
381
383
385
386
388
389
390
391
392
393
394
397
399
401
402
403
404
406
407
409
410
412
413
414
416
417
418
419
420
424
427
429
430
431
432
433
434
436
437
438
439
441
442
444
445
447
449
450
453
455
457
459
461
462
463
464
466
467
469
470
471
473
478
480
481
482
483
484
487
488
489
490
491
492
493
494
496
497
500
501
502
503
505
506
507
509
510
511
512
514
515
518
519
520
521
525
526
527
528
530
531
532
533
534
536
538
540
542
544
547
548
549
551
553
554
557
558
560
562
563
564
565
566
567
568
569
570
571
573
575
576
577
578
580
583
584
586
587
590
591
592
593
594
597
600
601
602
603
604
611
612
613
614
617
619
620
621
622
623
624
626
628
629
630
631
632
633
634
635
641
642
643
644
646
647
651
652
654
655
658
659
665
667
669
671
672
674
675
676
677
678
679
681
684
685
687
688
689
690
692
694
697
700
704
705
707
711
712
713
714
716
718
719
721
723
725
726
728
729
731
733
734
736
737
738
739
740
742
744
746
747
748
749
751
752
754
757
758
759
760
761
762
763
766
768
769
771
772
773
774
775
776
779
781
782
784
785
786
787
788
789
790
793
795
798
799
802
804
806
810
811
813
814
815
817
818
819
820
821
822
823
824
825
827
828
830
831
832
834
836
837
839
842
844
845
846
847
848
849
850
852
853
855
857
859
860
861
862
867
868
869
870
871
872
873
874
875
876
877
878
880
881
884
885
887
888
889
890
891
892
893
894
895
896
897
898
899
901
904
908
910
911
913
916
918
919
920
923
925
926
928
930
932
934
935
936
937
939
940
942
943
945
946
947
948
949
950
951
952
955
957
958
960
962
964
965
967
969
971
972
973
974
975
976
977
978
979
980
981
982
983
984
986
987
988
991
993
994
995
996
998
999
1000